# Point: 0.9 0.195
# phi_prescribed: 350000	p0: 1500
Disp_r 	 Disp_z 	 Disp_norm 	 p_stretch_1 	 p_stretch_2 	 p_stretch_3 	 Load_value
-1.952e-06	4.462e-05	4.466e-05	1.000e+00	1.000e+00	1.000e+00	1.000e-03
-7.910e-06	1.786e-04	1.788e-04	1.000e+00	1.000e+00	1.000e+00	2.000e-03
-1.781e-05	4.019e-04	4.023e-04	1.000e+00	1.000e+00	9.999e-01	3.000e-03
-3.160e-05	7.146e-04	7.153e-04	1.000e+00	1.000e+00	9.998e-01	4.000e-03
-4.921e-05	1.116e-03	1.118e-03	1.000e+00	9.999e-01	9.997e-01	5.000e-03
-7.057e-05	1.608e-03	1.609e-03	1.000e+00	9.999e-01	9.996e-01	6.000e-03
-9.557e-05	2.188e-03	2.190e-03	1.000e+00	9.999e-01	9.994e-01	7.000e-03
-1.241e-04	2.857e-03	2.860e-03	1.001e+00	9.999e-01	9.992e-01	8.000e-03
-1.560e-04	3.615e-03	3.619e-03	1.001e+00	9.998e-01	9.990e-01	9.000e-03
-1.911e-04	4.462e-03	4.466e-03	1.001e+00	9.998e-01	9.988e-01	1.000e-02
-2.293e-04	5.396e-03	5.401e-03	1.001e+00	9.997e-01	9.985e-01	1.100e-02
-2.704e-04	6.418e-03	6.424e-03	1.001e+00	9.997e-01	9.981e-01	1.200e-02
-3.142e-04	7.526e-03	7.533e-03	1.002e+00	9.997e-01	9.977e-01	1.300e-02
-3.605e-04	8.720e-03	8.727e-03	1.002e+00	9.996e-01	9.973e-01	1.400e-02
-4.091e-04	9.996e-03	1.000e-02	1.002e+00	9.995e-01	9.968e-01	1.500e-02
-4.597e-04	1.135e-02	1.136e-02	1.002e+00	9.995e-01	9.962e-01	1.600e-02
-5.121e-04	1.279e-02	1.280e-02	1.003e+00	9.994e-01	9.955e-01	1.700e-02
-5.660e-04	1.431e-02	1.432e-02	1.003e+00	9.994e-01	9.948e-01	1.800e-02
-6.211e-04	1.589e-02	1.590e-02	1.004e+00	9.993e-01	9.940e-01	1.900e-02
-6.772e-04	1.755e-02	1.756e-02	1.004e+00	9.992e-01	9.931e-01	2.000e-02
-7.338e-04	1.926e-02	1.928e-02	1.005e+00	9.992e-01	9.920e-01	2.100e-02
-7.906e-04	2.103e-02	2.105e-02	1.005e+00	9.991e-01	9.909e-01	2.200e-02
-8.472e-04	2.286e-02	2.287e-02	1.006e+00	9.991e-01	9.897e-01	2.300e-02
-9.033e-04	2.472e-02	2.474e-02	1.007e+00	9.990e-01	9.884e-01	2.400e-02
-9.584e-04	2.663e-02	2.664e-02	1.007e+00	9.989e-01	9.869e-01	2.500e-02
-1.012e-03	2.856e-02	2.858e-02	1.008e+00	9.989e-01	9.854e-01	2.600e-02
-1.064e-03	3.051e-02	3.053e-02	1.009e+00	9.988e-01	9.837e-01	2.700e-02
-1.113e-03	3.247e-02	3.249e-02	1.010e+00	9.988e-01	9.820e-01	2.800e-02
-1.160e-03	3.444e-02	3.446e-02	1.011e+00	9.987e-01	9.801e-01	2.900e-02
-1.203e-03	3.641e-02	3.643e-02	1.012e+00	9.987e-01	9.781e-01	3.000e-02
-1.243e-03	3.837e-02	3.839e-02	1.013e+00	9.986e-01	9.761e-01	3.100e-02
-1.278e-03	4.031e-02	4.033e-02	1.014e+00	9.986e-01	9.739e-01	3.200e-02
-1.308e-03	4.224e-02	4.226e-02	1.015e+00	9.985e-01	9.717e-01	3.300e-02
-1.334e-03	4.414e-02	4.416e-02	1.016e+00	9.985e-01	9.694e-01	3.400e-02
-1.354e-03	4.602e-02	4.604e-02	1.017e+00	9.985e-01	9.670e-01	3.500e-02
-1.368e-03	4.786e-02	4.788e-02	1.018e+00	9.985e-01	9.646e-01	3.600e-02
-1.376e-03	4.967e-02	4.969e-02	1.020e+00	9.985e-01	9.621e-01	3.700e-02
-1.376e-03	5.145e-02	5.147e-02	1.021e+00	9.985e-01	9.596e-01	3.800e-02
-1.370e-03	5.319e-02	5.321e-02	1.022e+00	9.985e-01	9.570e-01	3.900e-02
-1.357e-03	5.489e-02	5.491e-02	1.023e+00	9.985e-01	9.544e-01	4.000e-02
-1.336e-03	5.656e-02	5.657e-02	1.024e+00	9.985e-01	9.517e-01	4.100e-02
-1.307e-03	5.819e-02	5.820e-02	1.026e+00	9.985e-01	9.491e-01	4.200e-02
-1.269e-03	5.978e-02	5.979e-02	1.027e+00	9.986e-01	9.464e-01	4.300e-02
-1.223e-03	6.133e-02	6.134e-02	1.028e+00	9.986e-01	9.436e-01	4.400e-02
-1.168e-03	6.284e-02	6.285e-02	1.030e+00	9.987e-01	9.409e-01	4.500e-02
-1.105e-03	6.432e-02	6.433e-02	1.031e+00	9.988e-01	9.381e-01	4.600e-02
-1.032e-03	6.576e-02	6.577e-02	1.032e+00	9.989e-01	9.353e-01	4.700e-02
-9.497e-04	6.717e-02	6.717e-02	1.033e+00	9.989e-01	9.325e-01	4.800e-02
-8.578e-04	6.854e-02	6.854e-02	1.035e+00	9.990e-01	9.297e-01	4.900e-02
-7.562e-04	6.988e-02	6.988e-02	1.036e+00	9.992e-01	9.268e-01	5.000e-02
9.885e-04	6.649e-02	6.649e-02	1.030e+00	1.001e+00	9.443e-01	5.100e-02
2.708e-03	6.308e-02	6.313e-02	1.029e+00	1.003e+00	9.557e-01	5.200e-02
4.394e-03	6.003e-02	6.019e-02	1.034e+00	1.005e+00	9.590e-01	5.300e-02
6.048e-03	5.759e-02	5.791e-02	1.044e+00	1.007e+00	9.565e-01	5.400e-02
7.675e-03	5.584e-02	5.637e-02	1.056e+00	1.009e+00	9.511e-01	5.500e-02
9.279e-03	5.475e-02	5.553e-02	1.068e+00	1.010e+00	9.443e-01	5.600e-02
1.087e-02	5.423e-02	5.531e-02	1.080e+00	1.012e+00	9.369e-01	5.700e-02
1.245e-02	5.420e-02	5.561e-02	1.093e+00	1.014e+00	9.291e-01	5.800e-02
1.403e-02	5.458e-02	5.636e-02	1.105e+00	1.016e+00	9.211e-01	5.900e-02
1.561e-02	5.532e-02	5.748e-02	1.118e+00	1.017e+00	9.130e-01	6.000e-02
1.719e-02	5.636e-02	5.892e-02	1.131e+00	1.019e+00	9.047e-01	6.100e-02
1.879e-02	5.766e-02	6.065e-02	1.144e+00	1.021e+00	8.963e-01	6.200e-02
2.040e-02	5.919e-02	6.261e-02	1.158e+00	1.023e+00	8.878e-01	6.300e-02
2.203e-02	6.093e-02	6.479e-02	1.172e+00	1.024e+00	8.792e-01	6.400e-02
2.367e-02	6.286e-02	6.717e-02	1.186e+00	1.026e+00	8.706e-01	6.500e-02
2.534e-02	6.495e-02	6.972e-02	1.200e+00	1.028e+00	8.619e-01	6.600e-02
2.704e-02	6.720e-02	7.243e-02	1.215e+00	1.030e+00	8.531e-01	6.700e-02
2.876e-02	6.959e-02	7.530e-02	1.230e+00	1.032e+00	8.443e-01	6.800e-02
3.051e-02	7.212e-02	7.831e-02	1.246e+00	1.034e+00	8.354e-01	6.900e-02
3.230e-02	7.477e-02	8.145e-02	1.261e+00	1.036e+00	8.264e-01	7.000e-02
3.412e-02	7.755e-02	8.472e-02	1.277e+00	1.038e+00	8.174e-01	7.100e-02
3.598e-02	8.044e-02	8.812e-02	1.294e+00	1.040e+00	8.084e-01	7.200e-02
3.788e-02	8.345e-02	9.165e-02	1.310e+00	1.042e+00	7.993e-01	7.300e-02
3.983e-02	8.657e-02	9.529e-02	1.328e+00	1.044e+00	7.902e-01	7.400e-02
4.182e-02	8.979e-02	9.905e-02	1.345e+00	1.046e+00	7.811e-01	7.500e-02
4.386e-02	9.311e-02	1.029e-01	1.363e+00	1.049e+00	7.719e-01	7.600e-02
4.594e-02	9.654e-02	1.069e-01	1.381e+00	1.051e+00	7.627e-01	7.700e-02
4.808e-02	1.001e-01	1.110e-01	1.399e+00	1.053e+00	7.535e-01	7.800e-02
5.028e-02	1.037e-01	1.152e-01	1.418e+00	1.056e+00	7.442e-01	7.900e-02
5.253e-02	1.074e-01	1.195e-01	1.437e+00	1.058e+00	7.350e-01	8.000e-02
5.484e-02	1.112e-01	1.240e-01	1.457e+00	1.061e+00	7.257e-01	8.100e-02
5.721e-02	1.151e-01	1.285e-01	1.477e+00	1.064e+00	7.165e-01	8.200e-02
5.964e-02	1.191e-01	1.332e-01	1.497e+00	1.066e+00	7.072e-01	8.300e-02
6.214e-02	1.231e-01	1.379e-01	1.518e+00	1.069e+00	6.980e-01	8.400e-02
6.470e-02	1.273e-01	1.428e-01	1.539e+00	1.072e+00	6.888e-01	8.500e-02
6.733e-02	1.315e-01	1.478e-01	1.560e+00	1.075e+00	6.796e-01	8.600e-02
7.003e-02	1.359e-01	1.529e-01	1.582e+00	1.078e+00	6.704e-01	8.700e-02
7.281e-02	1.403e-01	1.581e-01	1.604e+00	1.081e+00	6.612e-01	8.800e-02
7.565e-02	1.448e-01	1.633e-01	1.627e+00	1.084e+00	6.521e-01	8.900e-02
7.856e-02	1.493e-01	1.687e-01	1.650e+00	1.087e+00	6.430e-01	9.000e-02
8.155e-02	1.540e-01	1.742e-01	1.673e+00	1.091e+00	6.339e-01	9.100e-02
8.461e-02	1.587e-01	1.798e-01	1.696e+00	1.094e+00	6.249e-01	9.200e-02
8.775e-02	1.635e-01	1.855e-01	1.720e+00	1.097e+00	6.160e-01	9.300e-02
9.096e-02	1.683e-01	1.913e-01	1.744e+00	1.101e+00	6.071e-01	9.400e-02
9.424e-02	1.733e-01	1.972e-01	1.769e+00	1.105e+00	5.983e-01	9.500e-02
9.759e-02	1.783e-01	2.032e-01	1.793e+00	1.108e+00	5.895e-01	9.600e-02
1.010e-01	1.833e-01	2.093e-01	1.818e+00	1.112e+00	5.809e-01	9.700e-02
1.045e-01	1.884e-01	2.155e-01	1.844e+00	1.116e+00	5.723e-01	9.800e-02
1.081e-01	1.936e-01	2.218e-01	1.869e+00	1.120e+00	5.637e-01	9.900e-02
1.117e-01	1.989e-01	2.281e-01	1.895e+00	1.124e+00	5.553e-01	1.000e-01
