# Point: 1.095 0
# phi_prescribed: 350000	p0: 1500
Disp_r 	 Disp_z 	 Disp_norm 	 p_stretch_1 	 p_stretch_2 	 p_stretch_3 	 Load_value
-4.348e-05	-2.087e-18	4.348e-05	1.000e+00	1.000e+00	1.000e+00	1.000e-03
-1.740e-04	-7.972e-17	1.740e-04	1.000e+00	1.000e+00	9.998e-01	2.000e-03
-3.910e-04	-3.100e-17	3.910e-04	1.000e+00	1.000e+00	9.996e-01	3.000e-03
-6.939e-04	-2.645e-16	6.939e-04	1.001e+00	1.000e+00	9.994e-01	4.000e-03
-1.082e-03	4.926e-18	1.082e-03	1.001e+00	1.000e+00	9.990e-01	5.000e-03
-1.553e-03	-9.326e-17	1.553e-03	1.001e+00	1.001e+00	9.986e-01	6.000e-03
-2.107e-03	-9.789e-16	2.107e-03	1.002e+00	1.001e+00	9.981e-01	7.000e-03
-2.742e-03	-1.950e-16	2.742e-03	1.002e+00	1.001e+00	9.975e-01	8.000e-03
-3.455e-03	4.101e-16	3.455e-03	1.002e+00	1.001e+00	9.968e-01	9.000e-03
-4.246e-03	5.342e-15	4.246e-03	1.003e+00	1.002e+00	9.961e-01	1.000e-02
-5.111e-03	2.155e-15	5.111e-03	1.004e+00	1.002e+00	9.953e-01	1.100e-02
-6.049e-03	-1.980e-15	6.049e-03	1.004e+00	1.002e+00	9.945e-01	1.200e-02
-7.057e-03	-4.995e-15	7.057e-03	1.005e+00	1.003e+00	9.936e-01	1.300e-02
-8.132e-03	2.435e-15	8.132e-03	1.006e+00	1.003e+00	9.926e-01	1.400e-02
-9.272e-03	-3.892e-15	9.272e-03	1.006e+00	1.004e+00	9.915e-01	1.500e-02
-1.047e-02	-2.855e-16	1.047e-02	1.007e+00	1.004e+00	9.904e-01	1.600e-02
-1.174e-02	-2.116e-17	1.174e-02	1.008e+00	1.005e+00	9.893e-01	1.700e-02
-1.306e-02	2.666e-15	1.306e-02	1.009e+00	1.005e+00	9.881e-01	1.800e-02
-1.443e-02	8.557e-15	1.443e-02	1.010e+00	1.006e+00	9.868e-01	1.900e-02
-1.585e-02	-8.129e-16	1.585e-02	1.011e+00	1.006e+00	9.855e-01	2.000e-02
-1.732e-02	3.440e-16	1.732e-02	1.012e+00	1.007e+00	9.842e-01	2.100e-02
-1.883e-02	7.514e-16	1.883e-02	1.012e+00	1.008e+00	9.828e-01	2.200e-02
-2.038e-02	-3.321e-15	2.038e-02	1.013e+00	1.008e+00	9.814e-01	2.300e-02
-2.197e-02	4.312e-15	2.197e-02	1.014e+00	1.009e+00	9.799e-01	2.400e-02
-2.359e-02	7.919e-16	2.359e-02	1.015e+00	1.010e+00	9.785e-01	2.500e-02
-2.524e-02	1.839e-15	2.524e-02	1.016e+00	1.011e+00	9.770e-01	2.600e-02
-2.691e-02	-2.189e-15	2.691e-02	1.018e+00	1.012e+00	9.754e-01	2.700e-02
-2.860e-02	5.268e-15	2.860e-02	1.019e+00	1.012e+00	9.739e-01	2.800e-02
-3.031e-02	4.816e-16	3.031e-02	1.020e+00	1.013e+00	9.723e-01	2.900e-02
-3.202e-02	-2.623e-15	3.202e-02	1.021e+00	1.014e+00	9.708e-01	3.000e-02
-3.375e-02	1.543e-14	3.375e-02	1.022e+00	1.015e+00	9.692e-01	3.100e-02
-3.547e-02	-3.178e-15	3.547e-02	1.023e+00	1.016e+00	9.676e-01	3.200e-02
-3.720e-02	-4.375e-15	3.720e-02	1.024e+00	1.017e+00	9.660e-01	3.300e-02
-3.892e-02	8.278e-16	3.892e-02	1.025e+00	1.018e+00	9.645e-01	3.400e-02
-4.063e-02	-1.111e-14	4.063e-02	1.027e+00	1.018e+00	9.629e-01	3.500e-02
-4.233e-02	-2.932e-15	4.233e-02	1.028e+00	1.019e+00	9.613e-01	3.600e-02
-4.402e-02	4.380e-15	4.402e-02	1.029e+00	1.020e+00	9.598e-01	3.700e-02
-4.569e-02	-9.367e-15	4.569e-02	1.030e+00	1.021e+00	9.583e-01	3.800e-02
-4.735e-02	2.857e-15	4.735e-02	1.031e+00	1.022e+00	9.568e-01	3.900e-02
-4.898e-02	2.571e-15	4.898e-02	1.033e+00	1.023e+00	9.553e-01	4.000e-02
-5.058e-02	5.554e-15	5.058e-02	1.034e+00	1.024e+00	9.538e-01	4.100e-02
-5.217e-02	1.075e-15	5.217e-02	1.035e+00	1.025e+00	9.524e-01	4.200e-02
-5.373e-02	4.806e-16	5.373e-02	1.036e+00	1.026e+00	9.509e-01	4.300e-02
-5.526e-02	5.009e-16	5.526e-02	1.037e+00	1.027e+00	9.495e-01	4.400e-02
-5.676e-02	-3.818e-15	5.676e-02	1.039e+00	1.028e+00	9.482e-01	4.500e-02
-5.823e-02	6.925e-15	5.823e-02	1.040e+00	1.029e+00	9.468e-01	4.600e-02
-5.968e-02	-8.071e-16	5.968e-02	1.041e+00	1.030e+00	9.455e-01	4.700e-02
-6.109e-02	-5.381e-15	6.109e-02	1.042e+00	1.031e+00	9.442e-01	4.800e-02
-6.248e-02	4.972e-15	6.248e-02	1.043e+00	1.031e+00	9.429e-01	4.900e-02
-6.383e-02	1.230e-14	6.383e-02	1.045e+00	1.032e+00	9.417e-01	5.000e-02
-5.449e-02	-1.061e-14	5.449e-02	1.049e+00	1.024e+00	9.502e-01	5.100e-02
-4.556e-02	-7.404e-15	4.556e-02	1.055e+00	1.015e+00	9.584e-01	5.200e-02
-3.720e-02	8.944e-15	3.720e-02	1.062e+00	1.005e+00	9.660e-01	5.300e-02
-2.947e-02	4.994e-15	2.947e-02	1.070e+00	9.950e-01	9.731e-01	5.400e-02
-2.233e-02	7.283e-15	2.233e-02	1.078e+00	9.853e-01	9.796e-01	5.500e-02
-1.569e-02	-1.321e-14	1.569e-02	1.087e+00	9.857e-01	9.756e-01	5.600e-02
-9.475e-03	7.547e-15	9.475e-03	1.096e+00	9.913e-01	9.660e-01	5.700e-02
-3.591e-03	-1.044e-14	3.591e-03	1.106e+00	9.967e-01	9.564e-01	5.800e-02
2.033e-03	-1.654e-14	2.033e-03	1.117e+00	1.002e+00	9.469e-01	5.900e-02
7.455e-03	1.270e-14	7.455e-03	1.127e+00	1.007e+00	9.373e-01	6.000e-02
1.273e-02	4.651e-15	1.273e-02	1.138e+00	1.012e+00	9.277e-01	6.100e-02
1.788e-02	4.407e-15	1.788e-02	1.150e+00	1.016e+00	9.181e-01	6.200e-02
2.296e-02	-5.434e-15	2.296e-02	1.162e+00	1.021e+00	9.084e-01	6.300e-02
2.799e-02	1.625e-14	2.799e-02	1.174e+00	1.026e+00	8.987e-01	6.400e-02
3.299e-02	-1.934e-15	3.299e-02	1.187e+00	1.030e+00	8.890e-01	6.500e-02
3.797e-02	-1.421e-14	3.797e-02	1.200e+00	1.035e+00	8.792e-01	6.600e-02
4.297e-02	-1.192e-15	4.297e-02	1.213e+00	1.039e+00	8.693e-01	6.700e-02
4.798e-02	5.732e-15	4.798e-02	1.227e+00	1.044e+00	8.594e-01	6.800e-02
5.303e-02	1.026e-14	5.303e-02	1.241e+00	1.048e+00	8.494e-01	6.900e-02
5.813e-02	-1.119e-15	5.813e-02	1.256e+00	1.053e+00	8.393e-01	7.000e-02
6.328e-02	1.011e-14	6.328e-02	1.271e+00	1.058e+00	8.292e-01	7.100e-02
6.849e-02	-1.325e-14	6.849e-02	1.286e+00	1.063e+00	8.191e-01	7.200e-02
7.377e-02	1.908e-14	7.377e-02	1.302e+00	1.067e+00	8.088e-01	7.300e-02
7.914e-02	6.639e-15	7.914e-02	1.318e+00	1.072e+00	7.986e-01	7.400e-02
8.459e-02	9.661e-15	8.459e-02	1.334e+00	1.077e+00	7.883e-01	7.500e-02
9.013e-02	-2.474e-14	9.013e-02	1.351e+00	1.082e+00	7.779e-01	7.600e-02
9.577e-02	1.941e-15	9.577e-02	1.369e+00	1.087e+00	7.675e-01	7.700e-02
1.015e-01	-2.321e-14	1.015e-01	1.386e+00	1.093e+00	7.571e-01	7.800e-02
1.074e-01	4.264e-15	1.074e-01	1.404e+00	1.098e+00	7.466e-01	7.900e-02
1.133e-01	-1.968e-14	1.133e-01	1.423e+00	1.103e+00	7.361e-01	8.000e-02
1.194e-01	1.969e-14	1.194e-01	1.442e+00	1.109e+00	7.256e-01	8.100e-02
1.256e-01	-2.624e-14	1.256e-01	1.461e+00	1.115e+00	7.151e-01	8.200e-02
1.319e-01	-1.153e-14	1.319e-01	1.481e+00	1.120e+00	7.046e-01	8.300e-02
1.384e-01	6.305e-14	1.384e-01	1.501e+00	1.126e+00	6.941e-01	8.400e-02
1.450e-01	2.426e-14	1.450e-01	1.521e+00	1.132e+00	6.836e-01	8.500e-02
1.517e-01	6.862e-15	1.517e-01	1.542e+00	1.139e+00	6.731e-01	8.600e-02
1.585e-01	-2.019e-14	1.585e-01	1.563e+00	1.145e+00	6.627e-01	8.700e-02
1.655e-01	-4.760e-14	1.655e-01	1.585e+00	1.151e+00	6.523e-01	8.800e-02
1.726e-01	-1.964e-14	1.726e-01	1.607e+00	1.158e+00	6.419e-01	8.900e-02
1.798e-01	5.219e-14	1.798e-01	1.630e+00	1.164e+00	6.316e-01	9.000e-02
1.872e-01	-7.703e-15	1.872e-01	1.652e+00	1.171e+00	6.213e-01	9.100e-02
1.947e-01	7.456e-14	1.947e-01	1.675e+00	1.178e+00	6.111e-01	9.200e-02
2.023e-01	8.887e-14	2.023e-01	1.699e+00	1.185e+00	6.010e-01	9.300e-02
2.101e-01	-6.927e-14	2.101e-01	1.723e+00	1.192e+00	5.909e-01	9.400e-02
2.180e-01	5.733e-14	2.180e-01	1.747e+00	1.199e+00	5.810e-01	9.500e-02
2.261e-01	-5.475e-14	2.261e-01	1.771e+00	1.206e+00	5.711e-01	9.600e-02
2.342e-01	-7.245e-14	2.342e-01	1.796e+00	1.214e+00	5.614e-01	9.700e-02
2.425e-01	9.373e-14	2.425e-01	1.821e+00	1.221e+00	5.517e-01	9.800e-02
2.509e-01	-9.602e-14	2.509e-01	1.847e+00	1.229e+00	5.422e-01	9.900e-02
2.595e-01	4.940e-14	2.595e-01	1.872e+00	1.237e+00	5.327e-01	1.000e-01
